From r-help-bounces@stat.math.ethz.ch  Sat May 19 10:21:54 2007
Return-Path: <r-help-bounces@stat.math.ethz.ch>
Received: from hypatia.math.ethz.ch (hypatia.math.ethz.ch [129.132.145.15])
	by flax9.uwaterloo.ca (8.12.8/8.12.5) with ESMTP id l4JELrqD027150
	for <ktwarwic@flax9.uwaterloo.ca>; Sat, 19 May 2007 10:21:54 -0400
Received: from hypatia.math.ethz.ch (hypatia [129.132.145.15])
	by hypatia.math.ethz.ch (8.13.6/8.13.6) with ESMTP id l4JEKFkF028082;
	Sat, 19 May 2007 16:20:27 +0200
X-Spam-Checker-Version: SpamAssassin 3.1.8 (2007-02-13) on hypatia.math.ethz.ch
X-Spam-Level: 
X-Spam-Status: No, score=0.1 required=5.0 tests=AWL, BAYES_50, SARE_BAYES_5x8,
	SARE_BAYES_6x8 autolearn=no version=3.1.8
Received: from nz-out-0506.google.com (nz-out-0506.google.com [64.233.162.236])
	by hypatia.math.ethz.ch (8.13.6/8.13.6) with ESMTP id l4JEK5m0028018
	for <r-help@stat.math.ethz.ch>; Sat, 19 May 2007 16:20:06 +0200
Received: by nz-out-0506.google.com with SMTP id s1so1737038nze
	for <r-help@stat.math.ethz.ch>; Sat, 19 May 2007 07:20:05 -0700 (PDT)
Received: by 10.114.56.1 with SMTP id e1mr1452305waa.1179584403885;
	Sat, 19 May 2007 07:20:03 -0700 (PDT)
Received: by 10.114.95.7 with HTTP; Sat, 19 May 2007 07:20:03 -0700 (PDT)
Message-ID: <38b9f0350705190720k7a889b6egd11397186ffdfdbe@mail.gmail.com>
Date: Sat, 19 May 2007 22:20:03 +0800
From: ronggui <ronggui.huang@gmail.com>
To: R-Help <r-help@stat.math.ethz.ch>
MIME-Version: 1.0
Content-Disposition: inline
X-Virus-Scanned: by amavisd-new at stat.math.ethz.ch
Subject: [R] What's wrong with my code ?
X-BeenThere: r-help@stat.math.ethz.ch
X-Mailman-Version: 2.1.9
Precedence: list
List-Id: "Main R Mailing List: Primary help" <r-help.stat.math.ethz.ch>
List-Unsubscribe: <https://stat.ethz.ch/mailman/listinfo/r-help>,
	<mailto:r-help-request@stat.math.ethz.ch?subject=unsubscribe>
List-Archive: <https://stat.ethz.ch/pipermail/r-help>
List-Post: <mailto:r-help@stat.math.ethz.ch>
List-Help: <mailto:r-help-request@stat.math.ethz.ch?subject=help>
List-Subscribe: <https://stat.ethz.ch/mailman/listinfo/r-help>,
	<mailto:r-help-request@stat.math.ethz.ch?subject=subscribe>
Content-Type: text/plain; charset="us-ascii"
Content-Transfer-Encoding: 7bit
Sender: r-help-bounces@stat.math.ethz.ch
Errors-To: r-help-bounces@stat.math.ethz.ch

I try to code the ULS factor analysis descrbied in
ftp://ftp.spss.com/pub/spss/statistics/spss/algorithms/ factor.pdf
# see PP5-6

factanal.fit.uls <- function(cmat, factors, start=NULL, lower = 0.005,
control = NULL, ...)
{
  FAfn <- function(Psi, S, q)
  {
    Sstar <- S - diag(Psi)
    E <- eigen(Sstar, symmetric = TRUE, only.values = TRUE)
    e <- E$values[-(1:q)]
    e <- sum(e^2/2)
    e
  }

  FAgr <- function(Psi, S, q)
  {
    Sstar <- S - diag(Psi)
    E <- eigen(Sstar, symmetric = TRUE)
    L <- E$vectors[, -(1:q), drop = FALSE]
    e <- E$values[-(1:q)]
    gr <- 2*Psi*((L^2)%*%e)
    gr
  }

  p <- ncol(cmat)
  if(is.null(start))
    start <- (1 - 0.5*factors/p)/diag(solve(cmat))
  res <- optim(start, FAfn,
                 FAgr,
          method="L-BFGS-B",
          lower = lower, upper = 1,
          control = c(list(fnscale=1,
          parscale = rep(0.01, length(start))), control),
          q = factors, S = cmat)
res
}

covmat <-
structure(c(1, 0.0920030858518061, 0.053952442382614, -0.0380048634941013,
0.237986469993129, 0.243144461077282, 0.0920030858518061, 1,
0.328163804480881, 0.142002180914605, -0.139369611642031, -0.0670944471678571,
0.053952442382614, 0.328163804480881, 1, 0.267648727315665, -0.0549987508157441,
-0.107488501744669, -0.0380048634941013, 0.142002180914605, 0.267648727315665,
1, -0.0566976575082817, -0.132943658387513, 0.237986469993129,
-0.139369611642031, -0.0549987508157441, -0.0566976575082817,
1, 0.352367996102745, 0.243144461077282, -0.0670944471678571,
-0.107488501744669, -0.132943658387513, 0.352367996102745, 1), .Dim = c(6L,
6L), .Dimnames = list(c("bg2cost1", "bg2cost2", "bg2cost3", "bg2cost4",
"bg2cost5", "bg2cost6"), c("bg2cost1", "bg2cost2", "bg2cost3",
"bg2cost4", "bg2cost5", "bg2cost6")))


> factanal.fit.uls(covmat,2)
$par
bg2cost1 bg2cost2 bg2cost3 bg2cost4 bg2cost5 bg2cost6
0.7454829 0.7191459 0.6969019 0.7611750 0.6940870 0.6930580

$value
[1] 0.02167674

$counts
function gradient
    21     21

$convergence
[1] 52

$message
[1] "ERROR: ABNORMAL_TERMINATION_IN_LNSRCH"

-- 
Ronggui Huang
Department of Sociology
Fudan University, Shanghai, China

______________________________________________
R-help@stat.math.ethz.ch mailing list
https://stat.ethz.ch/mailman/listinfo/r-help
PLEASE do read the posting guide http://www.R-project.org/posting-guide.html
and provide commented, minimal, self-contained, reproducible code.

